,Gamma0.001,Gamma1,Gamma10,Gamma100,Alpha0.01,Alpha5,Run
0,0.28019198323374617,0.24690159316521398,0.15338620044323384,0.0905784145502863,0.24690159316521398,0.25015506339951094,0.1
1,0.2843399353968314,0.2843399353968314,0.2813904154530528,0.24790989297282787,0.2843399353968314,0.2843399353968314,0.15
2,0.2843399353968314,0.2843399353968314,0.2853577726055519,0.2516766768937915,0.2843399353968314,0.2849305053606297,0.2
3,0.2716671398974528,0.2674506846480375,0.15677095184043596,0.08223544617544586,0.2674506846480375,0.2674506846480375,0.25
4,0.2950296517129429,0.2950296517129429,0.2953683031278582,0.28851693079381174,0.2950296517129429,0.2950296517129429,0.3
5,0.2808158321562784,0.28044143601472404,0.2803162216665364,0.28019198323374617,0.28044143601472404,0.2803162216665364,0.35
6,0.2843399353968314,0.2843399353968314,0.16721712347663176,0.2843399353968314,0.2843399353968314,0.2843399353968314,0.4
7,0.2843399353968314,0.2843399353968314,0.2843399353968314,0.2843399353968314,0.2843399353968314,0.2843399353968314,0.45
8,0.2638908915641197,0.2812523820440132,0.26365139573785984,0.28183009428780714,0.2812523820440132,0.26255954304132373,0.5
9,0.2950296517129429,0.2950296517129429,0.2951425459377803,0.2950296517129429,0.2950296517129429,0.2951425459377803,0.55
10,0.26004022770747875,0.26004022770747875,0.2632420239317636,0.2677677880740064,0.26004022770747875,0.2577558497021143,0.6
11,0.2352284295266755,0.2352284295266755,0.2352284295266755,0.23529533074971506,0.2352284295266755,0.2392489784178088,0.65
12,0.27456019302373386,0.27456019302373386,0.27456019302373386,0.27456019302373386,0.27456019302373386,0.27456019302373386,0.7
13,0.3166616221359106,0.3173576907031335,0.31426284528256465,0.3204752492268099,0.3173576907031335,0.3173576907031335,0.75
14,0.2951425459377803,0.2951425459377803,0.2950296517129429,0.2951425459377803,0.2951425459377803,0.2951425459377803,0.8
